DIFFICULTY:
3
SOLUTION:
5 3 6 2 4 5 7 6 9 
2 1 7 7 6 9 3 1 8 
8 4 9 8 1 3 4 5 2 
1 3 8 2 9 4 9 7 5 
2 9 6 1 7 5 8 4 1 
4 7 5 6 3 8 2 3 6 
6 1 3 9 7 2 1 5 9 
8 4 9 5 3 1 4 6 7 
7 5 2 4 8 6 8 3 2 

SOLUTION_NUMS_REMOVED:
5 3 6 2 4 5 7 6 9 
2 1 7 7 6 9 3 1 8 
8 4 9 8 1 3 4 5 2 
1 3 8 2 9 4 9 0 5 
2 9 6 1 7 5 8 4 1 
4 7 5 6 3 8 0 3 6 
6 1 3 9 7 2 1 5 9 
8 4 9 5 3 0 4 6 7 
7 5 2 4 8 6 8 3 2 

SOLUTION_PLAYABLE:
5 3 6 2 4 5 7 6 9 
2 1 7 7 6 9 3 1 8 
8 4 9 8 1 3 4 5 2 
1 3 8 2 9 4 9 0 5 
2 9 6 1 7 5 8 4 1 
4 7 5 6 3 8 0 3 6 
6 1 3 9 7 2 1 5 9 
8 4 9 5 3 0 4 6 7 
7 5 2 4 8 6 8 3 2 

BOT_SOLUTION:
5 3 6 4 1 2 7 9 8 
2 1 7 3 8 9 5 4 6 
8 4 9 5 6 7 2 1 3 
1 6 8 2 9 4 3 7 5 
3 9 2 1 7 5 6 8 4 
4 7 5 6 3 8 9 2 1 
6 8 4 7 2 3 1 5 9 
9 2 3 8 5 1 4 6 7 
7 5 1 9 4 6 8 3 2 

BOT_SOLUTION_NUMS_REMOVED:
5 3 6 4 1 2 7 9 8 
0 1 7 3 8 9 5 4 6 
8 4 9 5 6 7 2 1 3 
1 6 8 2 9 4 3 7 5 
3 9 2 1 7 5 6 8 4 
4 7 5 6 3 0 9 2 1 
6 8 4 7 2 3 1 5 9 
9 2 3 8 5 1 4 6 7 
7 5 1 9 4 6 8 0 2 

MOVES_STACK:

REDO_STACK:

