SOLUTION:
4 6 9 1 2 3 8 5 7 
5 3 1 6 8 7 2 9 4 
8 2 7 5 4 9 3 1 6 
1 5 2 9 6 8 4 7 3 
9 4 8 7 3 1 6 2 5 
3 7 6 4 5 2 1 8 9 
7 9 3 8 1 6 5 4 2 
6 8 4 2 9 5 7 3 1 
2 1 5 3 7 4 9 6 8 

SOLUTION_NUMS_REMOVED:
4 6 9 1 2 3 8 5 7 
5 3 1 6 8 7 2 9 4 
8 2 7 5 4 9 3 1 6 
1 5 2 9 6 8 4 7 3 
9 4 8 0 3 1 6 2 5 
3 7 6 4 5 2 1 8 9 
7 9 3 8 1 6 5 4 2 
6 8 4 2 9 5 7 3 1 
2 1 5 3 7 4 9 6 8 

SOLUTION_PLAYABLE:
4 6 9 1 2 3 8 5 7 
5 3 1 6 8 7 2 9 4 
8 2 7 5 4 9 3 1 6 
1 5 2 9 6 8 4 7 3 
9 4 8 0 3 1 6 2 5 
3 7 6 4 5 2 1 8 9 
7 9 3 8 1 6 5 4 2 
6 8 4 2 9 5 7 3 1 
2 1 5 3 7 4 9 6 8 

MOVES_STACK:

REDO_STACK:

PROGRESS:
0
DIFFICULTY:
1
