SOLUTION:
6 1 5 2 3 7 8 4 9 
2 8 3 1 4 9 5 6 7 
9 7 4 6 5 8 1 2 3 
4 2 7 3 8 1 9 5 6 
1 5 6 9 7 4 3 8 2 
3 9 8 5 2 6 7 1 4 
7 3 1 4 6 5 2 9 8 
8 4 9 7 1 2 6 3 5 
5 6 2 8 9 3 4 7 1 

SOLUTION_NUMS_REMOVED:
6 1 5 0 3 7 8 4 9 
2 8 3 1 4 9 5 6 7 
9 7 4 6 5 8 1 2 3 
4 2 7 3 8 1 9 5 6 
1 5 6 9 7 4 3 8 2 
3 9 8 5 2 6 7 1 4 
7 3 1 4 6 5 2 9 8 
8 4 9 7 1 2 6 3 5 
5 6 2 8 9 3 4 7 1 

SOLUTION_PLAYABLE:
6 1 5 0 3 7 8 4 9 
2 8 3 1 4 9 5 6 7 
9 7 4 6 5 8 1 2 3 
4 2 7 3 8 1 9 5 6 
1 5 6 9 7 4 3 8 2 
3 9 8 5 2 6 7 1 4 
7 3 1 4 6 5 2 9 8 
8 4 9 7 1 2 6 3 5 
5 6 2 8 9 3 4 7 1 

MOVES_STACK:

REDO_STACK:

PROGRESS:
0
DIFFICULTY:
1
