SOLUTION:
3 1 5 2 4 6 7 9 8 
2 4 9 1 7 8 3 5 6 
8 6 7 5 3 9 1 2 4 
4 2 6 3 1 5 8 7 9 
1 5 8 6 9 7 4 3 2 
7 9 3 8 2 4 5 6 1 
9 3 1 4 5 2 6 8 7 
5 8 2 7 6 1 9 4 3 
6 7 4 9 8 3 2 1 5 

SOLUTION_NUMS_REMOVED:
3 1 5 2 4 6 7 9 8 
2 4 9 1 7 8 3 5 6 
8 6 7 5 3 9 1 2 4 
4 2 6 3 1 5 8 7 9 
1 0 8 6 9 7 4 3 2 
7 9 3 8 2 4 5 6 1 
9 3 1 4 5 2 6 8 7 
5 8 2 7 6 1 9 4 3 
6 7 4 9 8 3 2 1 5 

SOLUTION_PLAYABLE:
3 1 5 2 4 6 7 9 8 
2 4 9 1 7 8 3 5 6 
8 6 7 5 3 9 1 2 4 
4 2 6 3 1 5 8 7 9 
1 0 8 6 9 7 4 3 2 
7 9 3 8 2 4 5 6 1 
9 3 1 4 5 2 6 8 7 
5 8 2 7 6 1 9 4 3 
6 7 4 9 8 3 2 1 5 

MOVES_STACK:

REDO_STACK:

PROGRESS:
0
DIFFICULTY:
1
