SOLUTION:
9 1 4 2 3 7 8 5 6 
7 6 8 1 5 4 3 9 2 
3 5 2 6 9 8 4 1 7 
1 8 5 9 2 3 7 6 4 
2 7 6 4 1 5 9 3 8 
4 3 9 8 7 6 1 2 5 
8 2 3 5 4 1 6 7 9 
6 9 1 7 8 2 5 4 3 
5 4 7 3 6 9 2 8 1 

SOLUTION_NUMS_REMOVED:
9 1 4 2 3 7 8 5 6 
7 6 8 1 5 4 3 9 2 
3 5 2 6 9 8 4 1 7 
1 8 5 9 2 3 7 6 4 
2 7 6 4 1 5 9 3 8 
4 3 9 8 7 6 1 2 5 
8 2 0 5 4 1 6 7 9 
6 9 1 7 8 2 5 4 3 
5 4 7 3 6 9 2 8 1 

SOLUTION_PLAYABLE:
9 1 4 2 3 7 8 5 6 
7 6 8 1 5 4 3 9 2 
3 5 2 6 9 8 4 1 7 
1 8 5 9 2 3 7 6 4 
2 7 6 4 1 5 9 3 8 
4 3 9 8 7 6 1 2 5 
8 2 0 5 4 1 6 7 9 
6 9 1 7 8 2 5 4 3 
5 4 7 3 6 9 2 8 1 

MOVES_STACK:

REDO_STACK:

PROGRESS:
0
DIFFICULTY:
1
