DIFFICULTY:
30
SOLUTION:
8 2 7 1 4 3 6 5 9 
5 1 6 7 9 2 3 8 4 
3 4 9 5 8 6 2 1 7 
1 7 5 4 3 8 9 6 2 
2 9 3 6 7 5 8 4 1 
4 6 8 2 1 9 7 3 5 
6 3 4 9 2 1 5 7 8 
9 8 1 3 5 7 4 2 6 
7 5 2 8 6 4 1 9 3 

SOLUTION_NUMS_REMOVED:
0 2 7 1 4 3 6 5 9 
5 0 6 7 9 0 0 8 0 
3 4 9 0 8 0 2 1 7 
0 0 5 0 3 8 9 0 2 
0 0 0 6 0 5 8 0 1 
0 0 0 2 0 9 7 3 0 
0 0 4 0 2 1 5 7 8 
9 8 1 3 5 0 4 0 0 
0 5 0 8 6 0 1 9 3 

SOLUTION_PLAYABLE:
8 2 7 1 4 3 6 5 9 
5 0 6 7 9 0 0 8 0 
3 4 9 0 8 0 2 1 7 
0 0 5 0 3 8 9 0 2 
0 0 0 6 0 5 8 0 1 
0 0 0 2 0 9 7 3 0 
0 0 4 0 2 1 5 7 8 
9 8 1 3 5 0 4 0 0 
0 5 0 8 6 0 1 9 3 

UNDO_STACK:
0 0 8

REDO_STACK:

MOVE_HISTORY_STACK:
0 0 8
0 0 0
0 0 8

