DIFFICULTY:
1
SOLUTION:
5 1 7 2 3 4 8 6 9 
2 8 6 5 9 1 3 4 7 
3 4 9 7 8 6 2 1 5 
1 2 3 6 7 9 4 5 8 
4 6 5 8 1 3 9 7 2 
7 9 8 4 2 5 6 3 1 
9 7 1 3 6 2 5 8 4 
8 3 4 9 5 7 1 2 6 
6 5 2 1 4 8 7 9 3 

SOLUTION_NUMS_REMOVED:
5 1 7 2 3 4 8 6 9 
2 8 6 5 9 1 3 4 7 
3 4 9 7 8 6 2 1 5 
1 2 3 6 7 9 4 5 8 
4 6 5 8 1 3 9 7 2 
7 9 8 4 2 5 0 3 1 
9 7 1 3 6 2 5 8 4 
8 3 4 9 5 7 1 2 6 
6 5 2 1 4 8 7 9 3 

SOLUTION_PLAYABLE:
5 1 7 2 3 4 8 6 9 
2 8 6 5 9 1 3 4 7 
3 4 9 7 8 6 2 1 5 
1 2 3 6 7 9 4 5 8 
4 6 5 8 1 3 9 7 2 
7 9 8 4 2 5 0 3 1 
9 7 1 3 6 2 5 8 4 
8 3 4 9 5 7 1 2 6 
6 5 2 1 4 8 7 9 3 

MOVES_STACK:

REDO_STACK:

