DIFFICULTY:
30
SOLUTION:
2 6 4 7 1 3 8 5 9 
1 3 7 8 5 9 4 6 2 
8 5 9 4 6 2 3 7 1 
3 1 2 5 9 7 6 4 8 
4 7 8 3 2 6 1 9 5 
6 9 5 1 8 4 2 3 7 
9 4 6 2 7 8 5 1 3 
5 8 3 9 4 1 7 2 6 
7 2 1 6 3 5 9 8 4 

SOLUTION_NUMS_REMOVED:
2 0 0 7 1 3 0 5 0 
1 3 0 8 5 0 0 6 2 
8 0 9 0 6 0 0 7 0 
3 0 2 5 0 0 6 4 8 
4 0 8 3 0 6 0 9 5 
0 9 5 1 8 4 2 3 0 
9 0 6 2 7 8 0 1 0 
0 0 0 9 4 0 7 0 6 
7 2 1 0 3 5 0 8 4 

SOLUTION_PLAYABLE:
2 6 4 7 1 3 0 5 0 
1 3 7 8 5 0 0 6 2 
8 5 9 0 6 0 0 7 0 
3 0 2 5 0 0 6 4 8 
4 0 8 3 0 6 0 9 5 
0 9 5 1 8 4 2 3 0 
9 0 6 2 7 8 0 1 0 
0 0 0 9 4 0 7 0 6 
7 2 1 0 3 5 0 8 4 

UNDO_STACK:
1 2 5
1 0 6
2 0 4
2 1 7

REDO_STACK:

MOVE_HISTORY_STACK:
1 2 5
1 0 6
2 0 4
2 1 7
2 1 0
2 0 0
1 0 0
1 2 0
1 2 5
1 0 6
2 0 4
2 1 7

