DIFFICULTY:
30
SOLUTION:
8 1 3 4 2 5 6 7 9 
7 6 9 1 3 8 2 5 4 
2 4 5 6 9 7 8 1 3 
4 2 7 8 1 9 5 3 6 
3 8 6 2 5 4 7 9 1 
5 9 1 7 6 3 4 8 2 
9 7 8 3 4 2 1 6 5 
1 3 2 5 8 6 9 4 7 
6 5 4 9 7 1 3 2 8 

SOLUTION_NUMS_REMOVED:
0 1 3 4 2 5 6 7 0 
7 6 0 1 3 8 0 5 4 
0 0 0 0 0 7 0 0 0 
0 2 0 8 1 9 5 0 0 
3 8 6 2 0 4 0 0 1 
0 9 0 7 6 3 4 0 2 
9 7 0 3 4 0 1 6 0 
0 3 2 5 8 6 9 4 0 
6 0 4 0 7 1 3 2 0 

SOLUTION_PLAYABLE:
0 1 3 4 2 5 6 7 0 
7 6 0 1 3 8 0 5 4 
0 0 0 0 0 7 0 0 0 
0 2 0 8 1 9 5 0 0 
3 8 6 2 0 4 0 0 1 
0 9 0 7 6 3 4 0 2 
9 7 0 3 4 0 1 6 0 
0 3 2 5 8 6 9 4 0 
6 0 4 0 7 1 3 2 0 

MOVES_STACK:

REDO_STACK:

